6.214072884632789
5.592985184319199
6.1310913903900275
5.043637814202008
5.039980924383605
4.095024759823356
3.7981489853540578
5.195080481173514
5.804611504364439
3.6006880949356197
6.084095050913538
4.8663397127926045
6.008372010664738
5.543700255055502
6.049159503136539
5.913502718497651
5.211037836288292
5.471545394467093
4.857029502655739
6.068524383880525
3.4386447599068903
5.478128448686572
5.124889368997056
7.025144197404693
6.366861958857515
9.08925514849954
9.884421422677184
9.318295465988268
4.3297245817500905
3.057418756921904
2.502534443397685
4.759363046086925
5.626204250808623
6.8287198524397485
4.656182769220277
5.129639425318751
4.829188041884994
3.1106962130184654
6.057040507851254
5.739956107659617
4.324893377018613
2.663770174470249
6.051408245193429
4.020461460798593
5.472180767770107
5.827748425481245
4.703557702331467
4.765106706617668
5.304511532934197
4.822025809910572
6.203383106379517
4.169876656858385
3.0293938793656126
10.592664290748095
8.334657056186154
8.056249368420378
9.702000234750152
3.9913334887777934
2.2198437131999578
0.8637252740157484
4.153988526067523
3.6534348915988426
3.2882745701668017
4.667360769375149
3.335299934792385
1.646053138168791
5.468213050062139
5.0847338150383
5.702331335153142
6.280326642067853
5.152539120895735
3.589707936405631
6.768152215680825
5.042972935945832
3.304243641344492
3.5237033489104395
3.3989443592725412
4.068191849410418
1.5335040256227968
2.213629958653155
2.451551642422655
2.9760899686431532
3.890782042183111
3.8620183495075375
4.484570338043347
2.5283099870153474
4.145077800813479
1.4995099274659407
5.552728933454511
5.618904561381811
4.809926498801955
4.480485800614282
5.176787168595081
8.71358688260336
8.009729940296129
8.985904939575336
10.0516165898081
9.897549717796716
8.662129724249619
9.053828308388383
3.3084487686857447
0.5012364308921815
3.3112168804786832
3.687591420481797
2.1251631924854486
3.2550294809892915
1.4598266316637822
1.565146181746328
8.66482452810892
5.323862252158985
2.897652669277159
1.653335087628462
2.7611099000954167
4.44189737240087
5.022241568714084
2.3335965990857748
2.729937630098376
2.6915340892916744
2.9543207717595696
2.5036531154268062
2.7005768654187627
3.21933056214705
3.4122560101353194
4.115149796893072
3.6711289334443826
